DEAD0001 00000058 00000001 00000003 00000030 00000003 00000BAD FFFFFFFF 20000478 08008301 0800840E 20017FD0 20017FD0 FFFFFFF9 00000003
00000803 00000000 00000400 80000000 E000ED34 F00D0001 00000400 000003F0 00000003 00302010 00000000 00000000 00000000 00000000 00000000
00000000 00000000 00000000 00000000 00000000 00000000 00000000 00000000 00000000 00000000 00000000 00000000 00000000 00000000 00000000
00000000 00000000 00000000 00000000 00000000 00000000 00000000 00000000 00000000 00000000 00000000 00000000 00000000 00000000 00000000
00000000 00000000 00000000 00000000 00000000 00000000 00000000 00000000 00000000 00000000 00000000 00000000 00000000 00000000 00000000

???????? ???????? ???????? ???????? ???????? ???????? ???????? ???????? ???????? ???????? ???????? ???????? ???????? ???????? ????????
???????? ???????? ???????? ???????? ???????? ???????? ???????? ???????? ???????? ???????? ???????? ???????? ???????? ???????? ????????
???????? ???????? ???????? ???????? ???????? ???????? ???????? ???????? ???????? ???????? ???????? ???????? ???????? ???????? ????????
???????? ???????? ???????? ???????? ???????? ???????? ???????? ???????? ???????? ???????? ???????? ???????? ???????? ???????? ????????
00000000 00000000 00000000 00000000 00000000 00000000 00000000 00000000 00000000 00000000 00000000 00000000 00000000 00000000 00000000
00000000 00000000 00000000 00000000 00000000 00000000 00000000 00000000 00000000 00000000 00000000 00000000 00000000 00000000 00000000
00000000 00000000 00000000 00000000 00000000 00000000 00000000 00000000 00000000 00000000 00000000 00000000 00000000 00000000 00000000
00000000 00000000 00000000 00000000 00000000 00000000 00000000 00000000 00000000 00000000 00000000 00000000 00000000 00000000 00000000
00000000 00000000 00000000 00000000 00000000 00000000 00000000 00000000 00000000 00000000 00000000 00000000 00000000 00000000 00000000
00000000 00000000 00000000 00000000 00000000 00000000 00000000 00000000 00000000 00000000 00000000 00000000 00000000 00000000 00000000
00000000 00000000 00000000 00000000 00000000 00000000 00000000 00000000 00000000 00000000 00000000 00000000 00000000 00000000 00000000
00000000 00000000 00000000 00000000 00000000 00000000 00000000 00000000 00000000 00000000 00000000 00000000 00000000 00000000 00000000
00000000 00000000 00000000 00000000 00000000 00000000 00000000 00000000 00000000 00000000 00000000 00000000 00000000 00000000 00000000
00000000 00000000 00000000 00000000 00000000 00000000 C0DA0001 00000008 FFFFFFFF FFFFFFFF FFFFFFFF FFFFFFFF FFFFFFFF FFFFFFFF FFFFFFFF
